1	:=,7,0,0
2	:=,85,0,4
3	j,0,0,57
4	:=,8,0,0
5	:=,12,0,4
6	:=,0,0,16
7	j>,4,0,9
8	j,0,0,18
9	odd,4,0,11
10	j,0,0,13
11	+,16,0,0
12	:=,0,0,16
13	*,2,0,0
14	:=,0,0,0
15	/,4,2,0
16	:=,0,0,4
17	j,0,0,7
18	j,0,0,57
19	:=,8,0,24
20	:=,0,0,20
21	:=,12,0,0
22	j<=,0,24,24
23	j,0,0,27
24	*,2,0,0
25	:=,0,0,0
26	j,0,0,22
27	j>,0,12,29
28	j,0,0,41
29	*,2,20,0
30	:=,0,0,20
31	/,0,2,0
32	:=,0,0,0
33	j<=,0,24,35
34	j,0,0,40
35	-,24,0,0
36	-,0,0,0
37	:=,0,0,24
38	+,20,1,0
39	:=,0,0,20
40	j,0,0,27
41	j,0,0,57
42	:=,8,0,0
43	:=,12,0,4
44	j<>,0,4,46
45	j,0,0,57
46	j<,0,4,48
47	j,0,0,51
48	-,4,0,0
49	-,0,0,0
50	:=,0,0,4
51	j<,4,0,53
52	j,0,0,56
53	-,0,4,0
54	-,0,0,0
55	:=,0,0,0
56	j,0,0,44
57	j<>,2,1,59
58	j,0,0,77
59	:=,0,0,8
60	:=,4,0,12
61	par,8,0,0
62	par,12,0,0
63	par,16,0,0
64	call,0,0,4
65	:=,25,0,8
66	:=,3,0,12
67	par,8,0,0
68	par,12,0,0
69	par,20,0,0
70	par,24,0,0
71	call,0,0,19
72	:=,34,0,8
73	:=,36,0,12
74	par,8,0,0
75	par,12,0,0
76	call,0,0,42
